world: 526d61df-c08c-4eb6-83cf-6938744ba94b
world-name: world_nether
x: 360.36828176479463
y: 28.5
z: 114.96017859467588
yaw: -19.76348876953125
pitch: 0.6003299355506897
name: cal_kll2
lastowner: c9e159a5-4a40-4bca-928c-a5fc44ed65b1
