spawn:
  world: world
  x: -386.3418888352595
  y: 68.49381848467948
  z: 12.354065382287349
  yaw: 2.6218493
  pitch: 53.549923
